var cluecount=1;
var clues="C,3";
var extras="Q,9,G,18,Z,11".split(",");
var answer="A,17,B,10,C,3,D,4,E,19,F,16,G,18,H,20,I,25,J,5,K,6,L,13,M,1,N,26,O,14,P,12,Q,9,R,8,S,24,T,23,U,15,V,22,W,7,X,2,Y,21,Z,11";
var efreq="8.45,1.43,3.59,3.75,12.21,2.12,1.55,4.05,7.83,0.32,0.63,3.97,2.48,6.65,7.77,1.74,0.18,6.76,7.16,9.26,2.74,1.56,1.40,0.25,2.02,0.13";
var freq=[11,1,1,1,22,10,4,1,6,1,16,14,7,3,1,4,12,9,4,12,2,4,1,9,1,4];
var matrixdata="10	25	14	23	14	2	25	26	0	25	26	5	15	8	19	\
8	0	4	0	22	0	1	0	16	0	19	0	26	0	17	\
19	2	14	26	19	8	17	23	19	0	7	17	23	19	8	\
19	0	8	0	8	0	1	0	26	0	19	0	7	0	0	\
11	19	17	13	14	15	24	0	3	17	8	24	25	3	6	\
25	0	26	0	12	0	0	0	19	0	0	0	26	0	14	\
13	17	23	25	23	15	4	19	0	12	14	1	19	13	14	\
21	0	0	0	25	0	19	0	6	0	12	0	0	0	6	\
0	20	19	13	1	19	23	0	14	3	17	8	25	26	17	\
16	0	26	0	25	0	19	0	20	0	9	0	0	0	10	\
17	26	3	19	24	23	8	17	13	0	15	13	15	8	15	\
26	0	8	0	23	0	18	0	8	0	19	0	26	0	8	\
4	17	21	23	25	1	19	0	17	10	8	17	4	19	8	\
14	0	12	0	3	0	26	0	10	0	0	0	15	0	17	\
1	21	23	20	0	24	23	8	25	26	18	13	19	24	24";

	
